210
4 1
12 9
13 7
20 8
11 5
17 2
13 9
16 2
5 3
11 2
13 10
16 7
11 1
15 8
19 8
19 4
16 5
15 7
10 2
6 6
20 6
12 12
14 13
20 3
20 7
7 7
11 9
15 11
10 6
19 18
19 12
19 17
7 6
17 10
19 14
13 12
12 6
14 10
16 13
17 12
11 8
8 5
19 15
17 11
13 2
14 1
17 7
14 12
13 4
9 8
13 5
17 8
8 1
10 4
20 11
14 7
16 6
20 4
7 2
9 2
17 14
9 9
8 3
8 7
13 13
10 7
19 3
16 3
17 4
9 6
8 4
17 17
15 12
10 1
20 14
12 11
19 19
9 7
6 4
5 4
16 8
15 10
13 11
14 2
10 5
16 4
19 11
13 8
3 3
20 2
6 2
19 1
18 7
17 13
15 1
19 13
18 1
20 10
12 10
15 4
14 14
15 2
18 10
20 1
18 16
20 9
16 11
13 1
12 1
15 3
11 10
2 1
7 5
20 16
18 12
20 13
7 1
20 19
18 8
8 6
15 13
6 1
18 9
16 9
4 3
14 11
15 6
10 9
19 9
14 5
4 2
1 1
9 5
14 4
9 4
20 12
11 4
13 3
11 7
11 3
10 10
10 3
17 9
18 13
12 8
18 18
18 6
19 16
15 15
17 16
4 4
11 6
18 5
18 4
20 5
20 18
20 15
16 16
17 1
15 14
5 2
14 3
14 8
6 5
9 3
3 2
18 17
12 2
19 5
8 8
17 15
8 2
17 3
5 5
2 2
19 10
6 3
12 5
18 14
16 1
19 2
19 6
7 4
15 9
20 17
16 10
11 11
16 12
13 6
16 14
10 8
18 3
20 20
18 2
5 1
14 6
14 9
19 7
12 7
7 3
17 5
12 4
17 6
16 15
9 1
12 3
15 5
18 11
18 15
3 1
